5
10 8
0 5
4 5
3 6
8 5
8 0
11 0
11 8
6 9
7 8
0 8
0 5
4 5
3 6
8 5
8 4
9 3
8 8
0 8
8 8
9 3
8 4
8 0
11 0
11 8
6 9
7 8
10 8
7 7
4 0
3 0
3 2
1 1
1 4
2 6
0 6
0 7
7 10
4 7
7 7
4 0
3 0
3 2
1 1
1 4
4 4
7 7
7 10
0 7
0 6
2 6
1 4
4 4
4 7
12 9
4 10
7 8
7 5
6 3
6 6
4 0
2 3
3 5
3 8
0 10
2 13
4 7
5 5
2 3
4 0
6 6
6 3
7 5
7 8
4 10
5 8
3 8
0 10
2 13
4 7
4 10
5 8
5 5
2 3
3 5
11 8
1 5
0 1
1 9
2 6
1 7
5 2
8 5
9 8
10 0
9 4
5 0
9 6
5 2
1 7
2 6
1 9
0 1
1 5
5 1
1 5
5 1
9 6
8 5
9 8
10 0
9 4
5 0
10 8
7 0
0 5
4 4
5 4
4 3
7 3
7 4
6 8
11 1
10 0
8 4
8 1
7 0
0 5
4 4
5 4
4 3
7 3
7 0
10 0
11 1
6 8
7 4
7 3
8 4
8 1
